1.493556738
1.358828783
1.1925143
1.246615648
1.180746675
1.330817461
1.204250097
1.224828124
1.354951143
1.448451996
1.184943438
1.283128977
1.184677124
1.455694675
1.356371999
1.439682484
1.343347669
1.219289899
1.221694708
1.343133926
1.308725119
1.388549328
1.220664978
1.333115458
1.396341443
1.427326441
1.297977686
1.297583342
1.287109613
1.349752426
1.297297478
1.274876475
1.214323878
1.298989415
1.387445927
1.292683005
1.284077764
1.376939893
1.191012025
1.327384114
1.284173369
1.197644591
1.282297134
1.415363073
1.162333369
1.332736611
1.350481033
1.040753841
1.143006206
1.312815547
1.122711301
1.276926517
1.346552014
1.292327046
1.320114374
1.313519835
1.283733487
1.286404729
1.25931406
1.233398438
1.232758641
1.104718447
1.280629873
1.261640549
1.287969828
1.234916687
1.387045264
1.290277004
1.332147121
1.308344722
1.281390905
0.993682504
1.380307078
1.28244853
1.286269307
1.349633217
1.25025332
1.228712916
1.261686206
1.278035998
1.202626705
1.22766757
1.298655629
1.246880531
1.258864045
1.25632596
1.274688125
1.279558897
1.206092477
1.009467363
1.184036732
1.223804235
1.317825437
1.261030316
1.427336097
1.18067348
1.355144382
1.32964921
1.29152739
1.294167042
1.218874693
1.013356805
1.013777256
1.272864819
1.063561916
1.248540401
1.222306848
1.235135794
1.122983932
1.189740658
1.271673441
1.287987828
1.235504866
1.242819905
1.175018311
1.203879952
1.330024958
1.220430136
1.284766555
1.175742507
1.222059369
1.293382764
1.032900214
1.007448077
1.220592737
1.141887069
1.03295815
1.287054658
1.158807278
1.190401316
1.20544219
1.233774781
1.065323472
1.065506577
1.160321951
1.236765623
1.178524256
1.214152217
1.151207566
1.17354393
1.083823919
1.189357877
1.229991317
1.202797055
1.202380896
1.189091206
1.102898598
1.106832981
1.194361448
1.105542421
1.219852328
1.178541899
1.178291798
1.196969748
1.222928047
1.239003062
1.211433887
1.211794138
1.177981734
1.2403332
1.120148778
1.147243142
1.137841702
1.129703283
1.264545441
1.122009397
1.104823709
1.026729107
1.166666508
1.171301365
1.196484208
1.127978802
1.204034925
1.029419661
1.143288851
1.121593356
1.169924378
1.168297887
1.08027041
1.139966607
1.110003829
1.123558283
1.11119473
1.004813075
1.088830352
1.000461221
0.946535707
